17
256
0 42 3
0 43 4
0 45 5
0 48 6
0 49 6
0 50 6
0 51 6
0 52 6
0 53 6
0 54 6
0 55 6
0 56 6
0 57 6
0 61 7
0 80 1
0 97 2
0 98 2
0 99 2
0 100 2
0 101 2
0 102 2
0 103 2
0 104 2
0 105 2
0 106 2
0 107 2
0 108 2
0 109 2
0 110 2
0 111 2
0 112 2
0 113 2
0 114 2
0 115 2
0 116 2
0 117 2
0 118 2
0 119 2
0 120 2
0 121 2
0 122 2
1 82 8
2 48 10
2 49 10
2 50 10
2 51 10
2 52 10
2 53 10
2 54 10
2 55 10
2 56 10
2 57 10
2 97 9
2 98 9
2 99 9
2 100 9
2 101 9
2 102 9
2 103 9
2 104 9
2 105 9
2 106 9
2 107 9
2 108 9
2 109 9
2 110 9
2 111 9
2 112 9
2 113 9
2 114 9
2 115 9
2 116 9
2 117 9
2 118 9
2 119 9
2 120 9
2 121 9
2 122 9
6 46 11
6 48 6
6 49 6
6 50 6
6 51 6
6 52 6
6 53 6
6 54 6
6 55 6
6 56 6
6 57 6
7 61 12
8 73 13
9 48 10
9 49 10
9 50 10
9 51 10
9 52 10
9 53 10
9 54 10
9 55 10
9 56 10
9 57 10
9 97 9
9 98 9
9 99 9
9 100 9
9 101 9
9 102 9
9 103 9
9 104 9
9 105 9
9 106 9
9 107 9
9 108 9
9 109 9
9 110 9
9 111 9
9 112 9
9 113 9
9 114 9
9 115 9
9 116 9
9 117 9
9 118 9
9 119 9
9 120 9
9 121 9
9 122 9
10 48 10
10 49 10
10 50 10
10 51 10
10 52 10
10 53 10
10 54 10
10 55 10
10 56 10
10 57 10
10 97 9
10 98 9
10 99 9
10 100 9
10 101 9
10 102 9
10 103 9
10 104 9
10 105 9
10 106 9
10 107 9
10 108 9
10 109 9
10 110 9
10 111 9
10 112 9
10 113 9
10 114 9
10 115 9
10 116 9
10 117 9
10 118 9
10 119 9
10 120 9
10 121 9
10 122 9
11 48 14
11 49 14
11 50 14
11 51 14
11 52 14
11 53 14
11 54 14
11 55 14
11 56 14
11 57 14
13 78 15
14 48 14
14 49 14
14 50 14
14 51 14
14 52 14
14 53 14
14 54 14
14 55 14
14 56 14
14 57 14
15 84 16
-1 -1 -1
11
14 $FLOAT 
5 $MINUS 
3 $MULTIPLY 
16 $PRINT 
9 $IDENTIFIER 
4 $PLUS 
7 $ASSIGN 
12 $EQUALS 
10 $IDENTIFIER 
6 $INT 
2 $IDENTIFIER 
